The data are stored in this text.
This is the sin_PD_F1_LW_nu_0p25 case.
The initial condition option is sin
The boundary condition option is PD
The scheme option is LW
The flux option is F1
The parameters are:

N = 32
x_low = 0
x_sup = 1
M = 30
a = 1
T = 1.5
nu = 0.25
dx = 0.0303030303
dt = 0.007575757576
N_itr = 198
M_fac = 30
NT = 1.5
xi = 0
d = 0
err = 0.03444765807
err_ampd = 0.9952356331
err_phase = -0.0303030303

